num_epochs: 4
batch_size: 30
step_batch: 200
eval_batch_size: 256
lr: 0.0005
seed: 42
drop_rate: 0.0
new_vocab: 0
embedding_size: 128
hidden_size: 768
m: 32
out_dim: 128
k: 3
n_layer: 12
attd_mode: 2
max_seq_length: 512
task: pretrain
save_vocab: True
pretrained_vocab_path: 
pretrained_vocab: False
save_model: True
pretrained_model_path: 
pretrained_model: False
use_cuda: cuda
multi_gpu: True
Real used device: cuda

---- dataset info ----

* train data *
- num : 8003752

* eval data *
- num : 10017
----------------------



----------------------- 1 epoch start! -----------------------
epoch:  1/4	|	batch: 200/266792	|	loss: 3.34801	|	0.00085150
epoch:  1/4	|	batch: 400/266792	|	loss: 1.00402	|	0.00065350
epoch:  1/4	|	batch: 600/266792	|	loss: 0.90299	|	0.00045550
epoch:  1/4	|	batch: 800/266792	|	loss: 0.86264	|	0.00025750
epoch:  1/4	|	batch: 1000/266792	|	loss: 0.85128	|	0.00005950
 >> epoch:  1	|	total_batch: 1000	|	eval_loss: 0.84420985
epoch:  1/4	|	batch: 1200/266792	|	loss: 0.85723	|	0.00090100
epoch:  1/4	|	batch: 1400/266792	|	loss: 0.84411	|	0.00070300
epoch:  1/4	|	batch: 1600/266792	|	loss: 0.82943	|	0.00050500
epoch:  1/4	|	batch: 1800/266792	|	loss: 0.81789	|	0.00030700
epoch:  1/4	|	batch: 2000/266792	|	loss: 0.80371	|	0.00010900
 >> epoch:  1	|	total_batch: 2000	|	eval_loss: 0.79661500
epoch:  1/4	|	batch: 2200/266792	|	loss: 0.80767	|	0.00095050
epoch:  1/4	|	batch: 2400/266792	|	loss: 0.82621	|	0.00075250
epoch:  1/4	|	batch: 2600/266792	|	loss: 1.09333	|	0.00055450
epoch:  1/4	|	batch: 2800/266792	|	loss: 0.99460	|	0.00035650
epoch:  1/4	|	batch: 3000/266792	|	loss: 0.98447	|	0.00015850
 >> epoch:  1	|	total_batch: 3000	|	eval_loss: 0.98281825
epoch:  1/4	|	batch: 3200/266792	|	loss: 1.16696	|	0.00100000
epoch:  1/4	|	batch: 3400/266792	|	loss: 2.44984	|	0.00080200
epoch:  1/4	|	batch: 3600/266792	|	loss: 1.02913	|	0.00060400
epoch:  1/4	|	batch: 3800/266792	|	loss: 1.00782	|	0.00040600
epoch:  1/4	|	batch: 4000/266792	|	loss: 0.98763	|	0.00020800
 >> epoch:  1	|	total_batch: 4000	|	eval_loss: 0.98341179
